2763306
2697513
2631720
2631720
2565927
2565927
2631720
2631720
2631720
2697513
2697513
2763306
2697513
2631720
2631720
2500134
2500134
2500134
2565927
2500134
2565927
2565927
2631720
2697513
2697513
2565927
2500134
2434341
2434341
2434341
2434341
2368548
2302755
2565927
2631720
2631720
2631720
2565927
2565927
2434341
2368548
2368548
2236962
3355443
4210752
2368548
2565927
2631720
2697513
2631720
2565927
2368548
2368548
2368548
1907997
4013373
5592405
2302755
2565927
2697513
2763306
2565927
2500134
2434341
2368548
2039583
3355443
4802889
6316128
2368548
2565927
2631720
2763306
2631720
2565927
2434341
2236962
2763306
8487297
7763574
7171437
2236962
2631720
2697513
2829099
2631720
2565927
2434341
2302755
4473924
9079434
14737632
7105644
4802889
2960685
2894892
2829099
2697513
2631720
2500134
2631720
7895160
10526880
8224125
5855577
6118749
3355443
3092271
2763306
2697513
2631720
2631720
3092271
6052956
3947580
4671303
8684676
7829367
3158064
3223857
2829099
2763306
2763306
2697513
2960685
5000268
7631988
5855577
14013909
16843008
6184542
2368548
3026478
2960685
2894892
2763306
2960685
3947580
6052956
15132390
16448250
15790320
16843008
11382189
