12624000
12632256
12632256
2105408
2105408
10526884
16776176
14712896
14712896
14712896
14712896
14712896
14712896
14712896
14712896
14712896
14712896
14712896
14712896
14712896
14712896
14729280
14737536
16777215
16777215
16777215
16777215
16777215
16777215
16777215
16777215
16777215
16777215
16777215
16777215
16777215
16777215
16777215
16777215
16776176
8429760
8429760
8429760
8429760
8429760
8429760
8429760
8429760
8429760
8429760
8429760
8429760
8429760
8429760
8429760
8429760
8429760
8429760
8429760
10930928
12615744
12615744
2105408
0
0
0
14712896
14712896
14712896
14712896
14712896
14712896
14712896
14712896
14712896
14712896
14712896
14712896
14712896
14712896
14712896
14712896
14729280
14737536
16777215
16777215
16777215
16777215
16777215
16777215
16777215
16777215
16776176
10930928
16776176
16777215
16777215
16777215
16777215
8429760
8429760
8429760
8429760
8429760
8429760
8429760
8429760
8429760
8429760
8429760
8429760
8429760
8429760
8429760
8429760
8429760
8429760
8429760
8429760
8429760
12615744
12615744
8421504
0
0
0
8405056
14712896
14712896
14712896
14712896
14712896
14712896
14712896
14712896
14712896
14712896
14712896
14712896
14712896
14712896
14712896
14712896
14729280
14737536
16777215
16777215
16777215
16777215
16777215
16777215
16777215
10930928
12632256
12632256
10930928
16777215
16777215
16777215
10930928
8429760
8429760
8429760
8429760
8429760
8429760
8429760
8429760
8429760
8429760
8429760
8429760
8429760
8429760
8429760
8429760
8429760
8429760
8429760
8429760
12615744
12615744
12615744
12615808
4210752
0
0
6316160
14712896
14712896
14712896
14712896
14712896
14712896
14712896
14712896
14712896
14712896
14712896
14712896
14712896
14712896
14712896
14712896
14729280
16776176
16777215
16777215
16777215
16777215
16777215
16777215
16776176
12632256
12632256
12632256
12632256
16776176
16777215
16777215
10930928
8429760
8429760
8429760
8429760
8429760
8429760
8429760
8429760
8429760
8429760
8429760
8429760
8429760
8429760
8429760
8429760
8429760
8429760
8429760
12615744
12615744
12615744
12615744
12615744
0
0
0
14712896
14712896
14712896
14721088
14712896
14712896
14712896
14712896
14712896
14712896
14712896
14712896
14729344
14712896
14712896
14712896
14712896
12640384
16777215
16777215
16777215
16777215
16777215
16777215
16777215
16776176
10930928
12632256
12632256
12632256
10930928
12632256
8421504
8421504
8429760
8429760
8429760
8429760
8429760
8429760
8429760
8429760
8429760
8429760
8429760
8429760
8429760
8429760
8429760
8429760
8429760
16777215
12615744
12615744
12615744
12615744
12615744
8413248
0
0
14712896
14712896
14712896
14712896
16777215
14721088
14712896
14712896
14712896
14712896
14712896
14712896
14712896
14712896
14712896
14712896
14712896
12640256
14737536
16777215
16777215
16777215
16777215
16777215
16777215
16777215
16777215
16776176
12632256
12632256
12632256
12632256
10526912
8421504
8421504
8429760
8429760
8429760
8429760
8429760
8429760
8429760
8429760
8429760
8429760
8429760
8429760
8429760
8429760
8429760
8429760
10930928
12615744
12615744
12615744
12615744
12615744
12615744
0
0
8404992
14712896
14712896
14712896
14712896
14712896
14712896
14712896
14712896
14712896
14712896
14712896
14712896
14712896
14712896
14712896
14712896
12640256
12640256
14737536
16777215
16777215
16777215
16777215
16776176
16776176
14721216
12624064
10526884
10930928
12632256
12632256
12632256
12632256
10526884
12624064
8429760
8429760
8429760
8429760
8429760
8429760
8429760
8429760
8429760
8429760
8429760
8429760
8429760
8429760
8429760
8429760
12615744
12615744
14721152
12615744
12615744
12615744
10526848
0
0
8404992
14712896
14712896
14712896
14712896
14712896
14712896
14712896
14712896
14712896
14712896
14712896
14712896
14712896
14712896
14712896
12640256
12640256
12640256
14737536
14721216
14721216
14721216
14721216
14721216
10518656
8421504
8421504
8421504
12624064
12632256
12632256
12632256
12632256
14721216
12624064
8429760
8429760
8429760
8429760
8429760
8429760
8429760
8429760
8429760
8429760
8429760
8429760
8429760
8429760
8429760
12615744
12615744
12624000
12615744
12615744
12615744
12615744
4210752
0
0
14712896
14712896
14712896
14712896
14712896
14721216
14721216
14721216
14721216
14721216
14721216
14721152
14712896
14712896
14721152
12640320
12640256
12640256
12640256
14729344
14721216
14721216
12624064
8421504
8421504
8421504
8421504
10518656
12624064
14721216
12632256
12632256
12632256
12632256
12632256
10526912
8429760
8429760
8429760
8429760
8429760
8429760
8429760
8429760
8429760
8429760
8429760
8429760
8429760
8429760
12615744
12615744
12615744
12615744
12615744
12615744
12615744
10510464
0
0
6307904
14721216
14721216
14721216
14721216
14721216
14721216
14721216
14721216
14721216
14721216
14721216
14721216
14721216
14721216
14721216
12640320
12640256
12640256
12640256
14729344
10526884
8421504
8421504
8421504
10526848
14729280
14737472
14737536
14737472
14729216
14729216
14729280
14729344
12632256
10930928
10526912
8429760
8429760
8429760
10930928
8429760
8429760
8429760
8429760
8429760
8429760
8429760
8429760
8429760
12615744
12615744
12615744
12615744
12615744
12615744
12615744
12615744
6307904
0
0
14721216
14721216
14721216
14721216
14721216
14721216
14721216
14721216
16776176
16776176
16776176
16776176
16776176
16777215
16777215
16777215
12640320
12640256
12640256
12640256
10534976
8421504
8421504
12624000
14729216
14729216
14729216
14729216
14729216
14729216
14729216
14729216
14729216
14729280
14729344
10930928
8429760
8429760
8429760
8429760
8429760
8429760
8429760
8429760
8429760
8429760
8429760
8429760
8429760
12615744
12615744
12615744
12615744
12615744
12615744
12615744
12615744
12615744
0
0
12632256
16777215
16777215
16777215
16777215
16777215
16777215
16777215
16777215
16777215
16777215
16777215
16777215
16777215
16777215
16777215
16777215
12640320
12640256
12640256
12640256
10534976
10526884
14729280
14729216
14729216
14729216
14729216
14729216
14729216
14729216
14729216
14729216
14729216
14729216
12632256
10930928
8429760
8429760
8429760
8429760
8429760
8429760
8429760
8429760
8429760
8429760
8429760
8429760
12615744
12615744
12615744
12615744
12615744
12615744
12615744
12615744
12615744
0
0
8421504
16777215
16777215
16777215
16777215
16777215
16777215
16777215
16777215
16777215
16777215
16777215
16777215
16777215
16777215
16777215
16777215
12632256
10534976
12640256
12640256
12640256
14737536
14729216
14729216
14729216
14729216
14729216
14729216
14729216
14729216
14729216
14729216
14729216
14729216
14729344
12632256
10930928
8429760
8429760
8429760
8429760
8429760
8429760
8429760
8429760
8429760
8429760
8429760
12615744
12615744
12615744
12624000
12615744
12615744
12615744
12615744
12615744
4210752
0
2105408
16777215
16777215
16777215
16777215
16777215
16777215
16777215
16777215
16777215
16777215
16777215
16777215
16777215
16777215
16777215
16776176
8421504
8421504
10534976
12640256
12640256
12640256
14737472
14729216
14729216
14729216
14729216
14729216
14729216
14729216
14729216
14729216
14729216
14729216
14729216
14729216
14729344
10930928
8429760
8429760
8429760
8429760
8429760
8429760
8429760
8429760
8429760
8429760
12615744
12615744
12615744
14721216
12615744
12615744
12615744
12615744
12615744
8413248
0
0
12639424
16777215
16777215
16777215
16777215
16777215
16777215
16777215
16777215
16777215
16777215
16777215
16777215
16777215
16777215
10526884
8421504
8421504
10526884
12640320
12640256
12640256
12640256
14729216
14729216
14729216
14729216
14729216
14729216
14729216
14729216
14737472
14729216
14729216
14729216
14729216
14729216
12639424
10526912
8429760
8429760
8429760
8429760
8429760
8429760
8429760
8429760
8429760
12615744
12615744
12615744
12615744
12615808
12615744
12615744
12615744
12615744
12615744
6307904
0
10526884
16777215
16777215
16777215
16777215
16777215
16777215
16777215
16777215
16777215
16777215
16777215
16777215
16776176
10526884
8421504
8421504
8421504
16776176
16777215
12640320
12640256
12640256
14737472
14729216
14729216
14729216
14729216
14729216
14729216
14729216
14729280
14729216
14729216
14729216
14729216
14729216
14737472
14737536
8429760
8429760
8429760
8429760
8429760
8429760
8429760
8429760
8429760
12615744
12615744
12615744
12615744
12615744
12615744
12615744
12615744
12615744
12615744
12615744
0
6316096
16777215
16777215
16777215
16777215
16777215
16777215
16777215
16777215
16777215
16777215
12639424
10526884
8421504
10526784
14737408
16776960
16776960
16776960
14737536
16776176
12640256
12640256
12640320
14729216
14729216
14729216
14729216
14729216
14729216
14729216
14729216
14729216
14729216
14729216
14729216
14729216
14729216
14729216
14737536
8429760
8429760
8429760
8429760
8429760
8429760
8429760
10930928
12615744
12615744
12615744
12615744
12615744
12615744
12615744
12615744
12615744
12615744
12615744
0
0
16776176
16777215
16777215
16777215
16777215
16777215
16777215
16777215
12632256
10526884
10526784
14737408
16776960
16776960
16776960
16776960
16776960
16776960
16776960
16776960
16776960
14737408
12640256
14729216
14729216
14729216
14729216
14729216
14729216
14729216
14729216
14729216
14729216
14729216
14729216
14729216
14729216
14729216
14729216
16776176
10526912
8429760
8429760
8429760
8429760
8429760
16777215
12615744
12615744
12615744
12615744
12615744
12615744
12615744
12615744
12615744
12615744
10518592
14737408
14737408
14737536
16777215
16777215
16777215
16777215
16777215
12632256
8421504
10526784
14737408
16776960
16776960
16776960
16776960
16776960
16776960
16776960
16776960
16776960
16776960
16776960
16776960
12640256
14729216
14729216
14729216
14729216
14729216
14729216
14729216
14729216
14729216
14729216
14729216
14729216
14729216
14729216
14729216
14729216
14737472
16776176
10526912
8429760
8429760
8429760
10535104
10930928
12615744
12615744
12615744
12615744
12615744
12615744
12615744
12615744
12615744
12615744
12615744
14729280
16776960
16776960
14737536
16777215
16777215
16776176
10526884
8421504
10526784
16776960
16776960
16776960
16776960
16776960
16776960
16776960
16776960
16776960
16776960
16776960
16776960
16776960
16776960
12640256
14737408
14729216
14729216
14729216
14729216
14729216
14729216
14729216
14729216
14729216
14729216
14729216
14729216
14729216
14729216
14729216
14729216
14737536
16776176
12632256
12632256
12632256
12632256
10930928
12615744
12615744
12615744
12615744
12615744
12615744
12615744
12615744
12615744
12615744
12615744
12615744
16776960
16776960
16776960
16776960
14737536
8421504
10526784
14737408
16776960
16776960
16776960
16776960
16776960
16776960
16776960
16776960
16776960
14737472
16776960
16776960
16776960
16776960
16776960
14737408
12640256
14737472
14729216
14729216
14729216
14729216
14729216
14729216
14729216
14729216
14729216
14729216
14729216
14729216
14729216
14729216
14729216
14729216
12632192
4243648
10930928
12632256
12632256
12632256
12615744
12615744
12615744
12615744
12615744
12615744
12615744
12615744
12615744
12615744
12615744
12615744
16776960
16776960
16776960
16776960
16776960
12632128
14737408
16776960
16776960
16776960
16776960
16776960
16776960
16776960
16776960
16776960
16776960
16776960
16776960
16776960
16776960
16776960
16776960
16776960
12640256
12640256
14729216
14729216
14729216
14729216
14729216
14729216
14729216
14729216
14729216
14729216
14729216
14729216
14729216
14729216
14729216
14729216
14729216
41152
41152
6340800
12632256
12632256
12615744
12615744
12615744
12615744
12615744
12615744
12615744
12615744
12615744
12615744
12615744
12615744
8421376
16776960
16776960
16776960
16776960
16776960
16776960
16776960
16776960
14737472
16776176
16776960
16776960
16776960
16776960
16776960
16776960
16776960
16776960
16776960
16776960
16776960
16776960
16776960
12640256
12640256
14737472
14729216
14729216
14729216
14729216
14729216
14729216
14729216
14729216
14729216
14729216
14729216
14729216
14729216
14729216
14729216
12632128
41152
2138304
10930928
16777215
10930928
12615744
12615744
12615744
12615744
12615744
12615744
12615744
12615744
12615744
12615744
12615744
12615744
0
10518528
16776960
16776960
16776960
16776960
16776960
16776960
16776960
16777215
16776176
16776960
16776960
16776960
16776960
16776960
14737536
16776960
16776960
16776960
16776960
16776960
16776960
14737472
12640320
12640256
12640256
14729216
14729216
14729216
14729216
14729216
14729216
14729216
14729216
14729216
14729216
14729216
14729216
10535040
41152
41152
2138304
10930928
16777215
16777215
16777215
16777215
12615744
12615744
12615744
12615744
12615744
12615744
12615744
12615744
12615744
12615744
12615744
14729344
4210752
6316096
12632128
16776960
16776960
16776960
16776960
16776960
16776960
16777215
16776960
16776960
16776960
16776960
16776960
16776960
16776176
16776960
16776960
16776960
16776960
16776960
16776960
16776960
14737536
12640256
12640256
14737408
14729216
14729216
14729216
14729216
14729216
14729216
14729216
14729216
14729216
14729216
41152
2130112
4219072
4210880
4210880
4210880
4210880
4210880
4210880
6316224
12615744
12615744
12615744
12615744
12615744
12615744
12615744
12615744
12615744
12615744
14729344
16777215
10526884
8421504
8421504
12632128
16776960
16776960
16776960
16776960
16776960
14737536
16776960
16776960
16776960
16776960
16776960
16776960
16776960
16776960
16776960
16776960
16776960
16776960
16776960
16776960
16777215
12640320
12640256
12640256
14737408
14729216
14729216
14729216
14729216
14729216
14729216
14729216
14729216
14729216
2130112
4210880
4210880
4210880
4210880
4210880
4210880
4210880
4210880
4210880
12615744
12615744
12615744
12615744
12615744
12615744
12615744
12615744
12615744
16777215
16777215
12632256
8421504
8421504
8421504
4210752
16776960
16776960
16776960
16776960
16776960
16776960
16776960
16776960
16776960
16776960
16776960
16776960
16776960
16776960
16776960
16776960
16776960
16776960
16776960
14737536
16777215
16777215
12640384
8437888
4243584
2138304
10535040
14729216
14729216
14729216
14729216
14729216
14729216
10526848
4219072
4210880
4210880
4210880
4210880
4210880
4210880
4210880
4210880
4210880
12615744
12615744
12615744
12615744
12615744
12615744
12615744
12615744
12615744
16776176
10526884
8421504
8421504
8421504
6316096
0
10526720
16776960
16776960
16776960
16776960
16776960
16776960
16776960
16776960
16776960
16776960
16776960
16776960
16776960
14737536
16776960
16776960
16776960
16777215
16777215
10930928
2138304
41152
41152
41152
41152
41152
41152
41152
4243648
10930928
16777215
16777215
6316224
4210880
4210880
4210880
4210880
4210880
4210880
4210880
4210880
4210880
4210880
12615744
12615744
12615744
14721152
12615808
12615744
12615744
12615744
12624000
8421504
8421504
8421504
8421504
10526884
0
0
0
16776960
16776960
16776960
16776960
16776960
16776960
16776960
16776960
16776960
16776960
16776960
14737472
16776176
14737536
16776960
16776960
16776960
10930928
2138304
41152
41152
41152
41152
41152
41152
2138304
6340736
16776176
10930928
6324416
10526912
6316224
4210880
4210880
4210880
4210880
4210880
4210880
4210880
4210880
4210880
4210880
4210880
12615744
12615744
12615744
16777215
12615744
12615744
12615744
12624000
8421504
8421504
8421504
8421504
10526884
16777215
8421504
0
0
10526784
16776960
16776960
16776960
16776960
16776960
16776960
16776960
16776960
16776960
16776960
16776960
16776960
16776960
16776960
16776960
10543168
41152
41152
41152
41152
41152
4243648
10930928
10543168
12640256
12640256
14737536
6316224
4210880
4210880
4210880
4210880
4210880
4210880
4210880
4210880
4210880
4210880
4210880
4210880
4210880
4210880
12615744
12615744
12615744
12615744
12615744
12615744
12615744
8421504
8421504
8421504
8421504
12632256
16777215
16777215
16776176
0
0
0
14737536
16776960
16776960
16776960
16776960
16776960
16776960
16776960
16776960
16776960
16776960
16776960
16776960
16776960
12640320
41152
41152
41152
2138304
10930928
12632256
10510528
10502336
10502336
10510464
10526784
12640320
10526912
4210880
4210880
4210880
4210880
4210880
4210880
4210880
4210880
4210880
4210880
4210880
4210880
4210880
4210880
12615744
12615744
12615744
12615744
12615744
12615744
12615744
8421504
8421504
10526884
16776176
16777215
16777215
16777215
16777215
6316096
0
0
8421504
14737536
16776960
16776960
16776960
16776960
16776960
12639424
14737472
16776960
16776960
16776960
16776960
10543168
41152
41152
2138304
10526912
10510528
10502336
10502336
10502336
10502336
10502336
10502336
10502336
12640256
12640384
8421568
4210880
4210880
4210880
6316224
6316224
4210880
4210880
4210880
4210880
4210880
4210880
4210880
4210880
12615744
12615744
12615744
12615744
12615744
12615744
10518656
8421504
10526884
16777215
16777215
16777215
16777215
16777215
16777215
12632256
0
0
0
16776176
14737536
16776960
16776960
16776960
10543168
41152
41152
41152
41152
41152
2130112
8413376
10502336
10502336
10502336
10502336
10502336
10502336
10502336
10502336
10502336
10502336
10502336
10518656
12640256
12640320
16777215
8421568
4210880
4210880
4210880
4210880
4210880
4210880
4210880
4210880
4210880
4210880
4210880
4210880
12615744
12615744
14729344
10526884
8421504
8421504
8421504
12632256
16777215
16777215
16777215
16777215
16777215
16777215
16777215
16777215
4210752
0
0
8421504
16777215
10930928
2146496
41152
41152
41152
41152
41152
2130112
10510528
10502336
10502336
10502336
10502336
10502336
10502336
10502336
10502336
10502336
10502336
10502336
10502336
10502336
12624000
12640256
12640384
16777215
12632256
10510528
10502336
6308032
4210880
4210880
4210880
4210880
4210880
4210880
4210880
4210880
4210880
12615744
12632256
16777215
12632256
8421504
10526884
16776176
16777215
16777215
16777215
16777215
16777215
16777215
16777215
16777215
16777215
10526884
0
0
2105408
6340800
41152
41152
41152
41152
41152
6332608
10510528
10502336
10502336
10502336
10502336
10502336
10502336
10502336
10502336
10502336
10502336
10502336
10502336
10502336
10502336
10502336
10502336
10502336
10502336
10502336
10502336
10502336
10502336
10502336
4210880
4210880
4210880
4210880
4210880
4210880
4210880
4210880
4210880
16776176
16777215
16777215
16777215
16777215
16777215
16777215
16777215
16777215
16777215
16777215
16777215
16777215
16777215
10930928
6340800
2138304
41152
41152
41152
41152
41152
41152
2138304
8429760
10510528
10502336
10502336
10502336
10502336
10502336
10502336
10502336
10502336
10502336
10502336
10502336
10502336
10502336
10502336
10502336
10502336
10502336
10502336
10502336
10502336
10502336
10502336
10502336
10502336
12624064
4210880
4210880
4210880
4210880
4210880
4210880
4210880
4210880
4210880
16777215
16777215
16777215
16777215
16777215
16777215
16777215
16777215
16777215
16777215
16777215
10930928
2138304
41152
41152
41152
41152
41152
41152
41152
41152
41152
6340800
12632256
10510528
10502336
10502336
10502336
10502336
10502336
12624064
10502336
10502336
10502336
10502336
10502336
10502336
10502336
10502336
10502336
10502336
10502336
10502336
10502336
10502336
10502336
10502336
10502336
10502336
10502336
12624064
10510528
10502336
10502336
10502336
10502336
6308032
4210880
4210880
4210880
16777215
16777215
16777215
16777215
16777215
16777215
16777215
16777215
16777215
16777215
16777215
4243648
41152
41152
41152
41152
41152
41152
41152
41152
32960
10535104
12632256
10510528
10502336
10502336
10502336
10502336
10502336
10502336
10502336
10502336
10502336
10502336
10502336
10502336
10502336
10502336
10502336
10502336
10502336
10502336
10502336
10502336
10502336
10502336
10502336
10502336
10502336
10502336
10502336
10502336
10502336
10502336
10502336
10502336
10502336
10502336
10502336
10502336
16777215
16777215
16777215
16777215
16777215
16777215
16777215
16777215
16777215
16777215
16777215
10930928
41152
41152
4243648
10930928
10930928
16777215
8421504
0
0
6316096
10510528
10502336
10502336
10502336
10502336
10502336
10502336
10502336
10502336
10502336
10502336
10502336
10502336
10502336
10502336
10502336
10502336
10502336
10502336
10502336
10502336
10502336
10502336
10502336
10502336
10502336
10502336
10502336
10502336
10502336
10502336
10502336
10502336
10502336
10502336
10502336
10502336
10502336
16777215
16777215
16777215
16777215
16777215
16777215
16777215
16777215
16777215
16777215
16777215
16777215
16777215
16777215
16777215
16777215
16777215
16777215
16776176
0
0
0
10502336
10502336
10502336
10502336
10502336
10502336
10502336
10502336
10502336
10502336
10502336
10502336
10502336
10502336
10502336
10502336
10502336
10502336
10502336
10502336
10502336
10502336
10502336
10502336
10502336
10502336
10502336
10502336
10502336
10502336
10502336
10502336
10502336
10502336
10502336
10502336
10502336
10502336
