48
48
48
47
47
46
46
46
46
46
46
46
46
46
47
47
48
48
48
48
49
48
47
47
46
46
46
45
45
45
45
45
45
46
46
46
47
47
47
48
49
48
47
46
46
45
45
44
45
44
45
45
45
45
46
46
47
46
46
47
49
48
47
46
45
44
45
43
44
44
44
44
45
45
45
45
46
45
46
47
47
47
46
45
44
44
44
43
42
39
38
43
36
40
44
44
45
45
45
46
48
47
45
45
45
44
44
42
37
111
79
33
94
67
41
44
45
44
45
46
48
47
46
45
45
44
43
42
37
103
121
34
110
92
43
44
44
44
45
47
48
47
46
45
45
43
42
42
38
74
121
67
100
93
46
45
44
45
46
47
49
47
47
46
44
43
43
41
40
53
126
108
112
118
49
46
45
45
46
47
49
48
46
46
45
43
43
41
36
46
100
133
115
117
53
47
45
45
46
47
49
48
46
46
44
43
43
39
67
126
106
117
88
115
54
48
46
46
46
47
49
48
47
46
45
43
43
46
57
178
196
129
126
116
59
50
48
46
47
48
50
49
47
47
45
44
45
53
81
92
163
121
120
153
66
54
51
49
48
49
50
49
48
46
46
45
48
55
89
178
151
103
121
157
85
57
55
52
48
50
50
49
48
47
46
46
49
56
79
97
158
119
113
149
101
61
57
53
50
51
50
49
49
47
47
47
51
59
84
93
83
118
147
150
146
53
60
55
54
53
50
48
47
48
47
48
51
58
79
113
78
92
118
121
255
150
48
59
56
55
50
49
48
49
49
48
50
57
74
94
127
119
134
241
243
254
140
41
57
59
52
51
51
50
49
49
52
58
71
85
114
188
242
239
239
236
250
206
81
60
53
53
52
52
50
49
52
57
66
80
93
199
246
242
237
238
235
245
227
63
