49
48
48
47
47
47
46
46
46
47
47
47
47
46
47
47
48
48
48
48
49
48
48
46
46
46
46
45
45
45
45
46
45
46
47
47
47
47
48
49
49
48
47
46
45
45
45
45
44
45
45
45
45
45
46
46
47
46
46
48
49
48
46
45
46
44
44
43
44
44
44
44
45
45
46
46
46
46
46
48
47
47
46
46
44
45
44
43
43
44
44
40
37
43
44
45
45
45
46
46
47
47
45
45
44
44
44
36
33
94
106
51
106
42
44
44
45
45
45
47
48
47
45
45
45
43
38
92
62
78
125
91
118
65
46
45
45
45
46
47
48
46
46
44
44
42
38
104
112
58
119
125
102
81
47
45
45
46
47
47
48
47
46
46
44
43
40
67
100
90
118
147
118
106
48
46
46
46
46
48
49
48
46
45
44
43
41
49
116
109
127
141
121
111
51
48
46
46
47
48
49
48
46
46
44
43
42
45
91
121
111
96
88
115
52
48
46
46
47
48
49
48
46
46
45
43
43
47
66
121
156
142
113
115
57
50
47
47
47
48
50
48
47
46
45
44
45
46
79
108
152
136
132
152
62
54
50
49
49
49
50
48
47
46
46
47
51
58
108
174
164
95
142
158
79
57
54
51
48
49
50
48
47
46
46
47
51
60
85
94
155
109
114
146
101
60
57
53
50
50
49
48
48
47
46
47
51
60
84
97
90
121
150
148
160
52
59
55
53
53
49
48
47
48
47
48
50
57
77
111
81
96
119
135
255
179
46
58
56
55
49
48
49
49
48
48
49
56
72
91
132
138
158
251
239
251
175
42
54
56
52
51
50
50
49
48
51
57
68
81
107
223
250
237
240
235
247
239
105
53
53
53
52
51
50
49
51
55
64
82
98
160
244
242
237
238
234
242
241
85
