49
48
48
48
47
46
46
46
46
46
46
47
47
47
47
47
48
48
48
48
49
48
48
46
46
46
46
45
45
45
45
46
46
46
47
47
47
48
48
49
49
47
47
46
45
45
45
45
45
45
45
45
45
45
46
46
47
47
47
48
49
48
47
46
46
44
45
43
44
44
43
45
45
45
46
46
46
46
46
48
47
47
46
46
45
44
44
43
43
41
47
38
38
44
45
45
45
45
47
47
47
47
45
45
45
44
44
41
29
76
121
65
84
41
44
45
45
45
46
47
48
47
46
45
45
44
42
41
129
69
123
122
112
46
44
45
45
45
46
47
48
47
46
45
44
42
41
39
122
97
116
145
98
65
45
45
45
46
47
48
49
47
46
46
44
41
39
32
89
119
120
152
112
93
45
45
45
46
47
48
49
48
46
45
43
45
126
45
75
110
159
141
114
102
47
46
45
46
47
47
49
48
46
45
43
57
119
108
63
127
93
83
112
114
48
46
46
46
47
48
49
48
47
45
44
47
74
141
108
85
150
176
107
114
62
50
47
46
47
48
50
48
47
46
45
43
49
94
113
90
114
131
95
96
107
52
52
50
49
49
50
49
48
46
46
44
43
57
110
94
80
110
85
96
140
57
56
53
49
49
50
49
48
46
46
44
43
50
97
79
74
102
96
115
127
67
61
55
51
50
49
49
48
47
46
45
44
50
80
105
79
86
106
140
163
62
63
57
55
53
49
48
47
47
47
46
45
51
72
112
100
92
104
122
248
188
51
59
56
54
49
48
48
48
48
47
47
52
66
90
128
131
146
243
241
249
183
41
54
56
52
50
50
50
49
48
48
53
63
78
101
202
245
240
239
235
246
239
107
56
65
52
52
51
50
49
49
52
60
77
95
155
239
242
238
238
234
241
241
86
