49
49
48
48
48
48
47
47
47
47
47
47
47
47
47
50
50
51
51
51
49
48
48
48
47
47
46
46
46
46
47
47
47
47
47
47
47
47
47
47
49
48
48
47
46
46
46
46
45
45
45
46
46
46
46
47
47
47
46
48
50
49
47
47
46
45
45
45
45
45
45
45
45
45
45
46
46
46
46
47
48
48
47
47
45
45
44
44
43
40
40
44
38
42
45
45
45
46
46
47
48
47
46
46
46
45
45
43
30
86
107
33
90
60
42
44
45
45
45
46
49
48
46
46
46
44
43
38
102
88
130
44
120
93
41
44
44
45
45
46
49
47
47
46
45
44
42
40
121
111
119
81
103
94
43
44
45
44
45
47
49
47
46
46
45
43
36
32
90
117
131
108
115
120
44
44
43
45
45
46
49
48
47
46
45
38
92
72
71
115
157
123
126
114
46
44
43
40
39
46
49
49
47
47
44
40
78
127
63
114
115
74
68
111
48
42
38
67
111
42
49
49
47
46
44
44
39
117
100
111
66
88
96
115
63
41
93
150
62
51
50
48
47
46
45
44
40
64
105
69
83
114
100
82
92
77
133
117
77
67
50
48
48
46
45
44
42
47
103
89
102
103
90
84
71
109
146
79
68
57
50
49
48
47
46
44
43
49
90
118
89
84
81
81
89
160
97
74
56
52
49
49
48
47
46
45
44
49
69
126
89
82
78
97
128
130
80
63
54
51
49
48
47
46
47
46
45
46
59
97
128
86
92
119
208
162
62
59
54
52
49
48
47
48
48
47
46
46
52
71
121
127
143
227
250
244
74
55
54
52
52
50
50
49
49
48
48
47
49
60
79
216
250
240
238
244
206
39
53
52
53
52
51
51
50
49
49
48
48
53
67
133
246
240
236
237
243
229
76
59
